0.14489795918367346 0.0020408163265306124 0.0020408163265306124 0.0020408163265306124 0.0020408163265306124 0.0020408163265306124 0.0020408163265306124 0.0020408163265306124 0.0020408163265306124 0.0020408163265306124 0.04285714285714286 0.0020408163265306124 0.0020408163265306124 0.022448979591836737 0.0020408163265306124 0.5938775510204082 0.0020408163265306124 0.0020408163265306124 0.16530612244897958 0.0020408163265306124 
0.0014285714285714286 0.0014285714285714286 0.0014285714285714286 0.0014285714285714286 0.0014285714285714286 0.0014285714285714286 0.0014285714285714286 0.0014285714285714286 0.13 0.0014285714285714286 0.0014285714285714286 0.0014285714285714286 0.0014285714285714286 0.0014285714285714286 0.0014285714285714286 0.0014285714285714286 0.0014285714285714286 0.0014285714285714286 0.0014285714285714286 0.8442857142857143 
0.007534246575342466 6.849315068493151E-4 6.849315068493151E-4 6.849315068493151E-4 6.849315068493151E-4 6.849315068493151E-4 0.09657534246575342 6.849315068493151E-4 6.849315068493151E-4 6.849315068493151E-4 0.10342465753424657 6.849315068493151E-4 6.849315068493151E-4 0.23356164383561645 0.007534246575342466 0.4664383561643835 6.849315068493151E-4 6.849315068493151E-4 6.849315068493151E-4 0.07602739726027397 
0.24634146341463414 0.051219512195121955 0.0024390243902439024 0.0024390243902439024 0.0024390243902439024 0.07560975609756097 0.0024390243902439024 0.0024390243902439024 0.12439024390243901 0.0024390243902439024 0.3439024390243902 0.02682926829268293 0.09999999999999999 0.0024390243902439024 0.0024390243902439024 0.0024390243902439024 0.0024390243902439024 0.0024390243902439024 0.0024390243902439024 0.0024390243902439024 
0.001639344262295082 0.001639344262295082 0.001639344262295082 0.001639344262295082 0.001639344262295082 0.001639344262295082 0.001639344262295082 0.001639344262295082 0.001639344262295082 0.001639344262295082 0.24754098360655738 0.001639344262295082 0.001639344262295082 0.6737704918032787 0.018032786885245903 0.018032786885245903 0.018032786885245903 0.001639344262295082 0.001639344262295082 0.001639344262295082 
5.780346820809249E-4 0.023699421965317918 5.780346820809249E-4 5.780346820809249E-4 5.780346820809249E-4 5.780346820809249E-4 5.780346820809249E-4 5.780346820809249E-4 5.780346820809249E-4 5.780346820809249E-4 5.780346820809249E-4 0.8791907514450866 5.780346820809249E-4 5.780346820809249E-4 5.780346820809249E-4 5.780346820809249E-4 5.780346820809249E-4 0.08728323699421965 5.780346820809249E-4 5.780346820809249E-4 
0.002631578947368421 0.002631578947368421 0.002631578947368421 0.002631578947368421 0.002631578947368421 0.002631578947368421 0.002631578947368421 0.002631578947368421 0.002631578947368421 0.002631578947368421 0.002631578947368421 0.002631578947368421 0.002631578947368421 0.5815789473684211 0.2921052631578947 0.08157894736842106 0.002631578947368421 0.002631578947368421 0.002631578947368421 0.002631578947368421 
0.006010928961748634 5.46448087431694E-4 5.46448087431694E-4 0.09344262295081968 0.006010928961748634 0.8584699453551913 5.46448087431694E-4 0.02240437158469945 5.46448087431694E-4 5.46448087431694E-4 5.46448087431694E-4 5.46448087431694E-4 5.46448087431694E-4 5.46448087431694E-4 5.46448087431694E-4 5.46448087431694E-4 5.46448087431694E-4 0.006010928961748634 5.46448087431694E-4 5.46448087431694E-4 
0.05500000000000001 0.005 0.505 0.355 0.005 0.005 0.005 0.005 0.005 0.005 0.005 0.005 0.005 0.005 0.005 0.005 0.005 0.005 0.005 0.005 
0.010476190476190477 9.523809523809524E-4 0.9533333333333333 9.523809523809524E-4 9.523809523809524E-4 9.523809523809524E-4 9.523809523809524E-4 9.523809523809524E-4 9.523809523809524E-4 0.010476190476190477 9.523809523809524E-4 9.523809523809524E-4 9.523809523809524E-4 9.523809523809524E-4 9.523809523809524E-4 9.523809523809524E-4 9.523809523809524E-4 9.523809523809524E-4 9.523809523809524E-4 0.010476190476190477 
0.6682539682539683 0.0015873015873015873 0.0015873015873015873 0.0015873015873015873 0.0015873015873015873 0.0015873015873015873 0.0015873015873015873 0.0015873015873015873 0.0015873015873015873 0.0015873015873015873 0.0015873015873015873 0.0015873015873015873 0.0015873015873015873 0.08095238095238094 0.12857142857142856 0.0015873015873015873 0.0015873015873015873 0.0015873015873015873 0.01746031746031746 0.08095238095238094 
3.2679738562091506E-4 3.2679738562091506E-4 3.2679738562091506E-4 0.0035947712418300656 0.036274509803921565 3.2679738562091506E-4 0.013398692810457516 3.2679738562091506E-4 3.2679738562091506E-4 3.2679738562091506E-4 0.14738562091503268 0.013398692810457516 3.2679738562091506E-4 0.08202614379084967 3.2679738562091506E-4 3.2679738562091506E-4 0.6964052287581699 3.2679738562091506E-4 0.0035947712418300656 3.2679738562091506E-4 
0.008333333333333333 0.008333333333333333 0.008333333333333333 0.008333333333333333 0.09166666666666667 0.008333333333333333 0.008333333333333333 0.008333333333333333 0.008333333333333333 0.008333333333333333 0.008333333333333333 0.008333333333333333 0.09166666666666667 0.008333333333333333 0.6749999999999999 0.008333333333333333 0.008333333333333333 0.008333333333333333 0.008333333333333333 0.008333333333333333 
0.004496788008565311 0.004496788008565311 2.1413276231263385E-4 2.1413276231263385E-4 2.1413276231263385E-4 2.1413276231263385E-4 2.1413276231263385E-4 0.008779443254817986 2.1413276231263385E-4 0.4905781584582441 2.1413276231263385E-4 2.1413276231263385E-4 0.03661670235546039 0.002355460385438972 2.1413276231263385E-4 2.1413276231263385E-4 2.1413276231263385E-4 2.1413276231263385E-4 0.4498929336188437 2.1413276231263385E-4 
9.25925925925926E-4 0.03796296296296296 9.25925925925926E-4 0.05648148148148148 9.25925925925926E-4 9.25925925925926E-4 0.7416666666666666 9.25925925925926E-4 9.25925925925926E-4 9.25925925925926E-4 0.019444444444444445 0.028703703703703703 9.25925925925926E-4 9.25925925925926E-4 9.25925925925926E-4 9.25925925925926E-4 9.25925925925926E-4 0.09351851851851851 0.010185185185185186 9.25925925925926E-4 
0.0012658227848101266 0.013924050632911394 0.013924050632911394 0.0012658227848101266 0.5962025316455697 0.0012658227848101266 0.0012658227848101266 0.0012658227848101266 0.0012658227848101266 0.026582278481012658 0.0012658227848101266 0.1911392405063291 0.0012658227848101266 0.026582278481012658 0.0012658227848101266 0.026582278481012658 0.0012658227848101266 0.07721518987341772 0.013924050632911394 0.0012658227848101266 
0.008333333333333333 0.6977272727272726 0.023484848484848487 0.038636363636363635 7.575757575757576E-4 7.575757575757576E-4 7.575757575757576E-4 0.008333333333333333 7.575757575757576E-4 7.575757575757576E-4 0.12954545454545455 0.03106060606060606 0.038636363636363635 7.575757575757576E-4 7.575757575757576E-4 7.575757575757576E-4 7.575757575757576E-4 7.575757575757576E-4 0.01590909090909091 7.575757575757576E-4 
0.0013513513513513514 0.0013513513513513514 0.0013513513513513514 0.02837837837837838 0.0013513513513513514 0.0013513513513513514 0.0013513513513513514 0.0013513513513513514 0.0013513513513513514 0.17702702702702702 0.014864864864864866 0.0013513513513513514 0.0013513513513513514 0.0013513513513513514 0.0013513513513513514 0.10945945945945945 0.0013513513513513514 0.65 0.0013513513513513514 0.0013513513513513514 
0.0018181818181818182 0.0018181818181818182 0.0018181818181818182 0.0018181818181818182 0.038181818181818185 0.0018181818181818182 0.1290909090909091 0.0018181818181818182 0.7654545454545455 0.0018181818181818182 0.0018181818181818182 0.0018181818181818182 0.0018181818181818182 0.0018181818181818182 0.0018181818181818182 0.038181818181818185 0.0018181818181818182 0.0018181818181818182 0.0018181818181818182 0.0018181818181818182 
0.0011363636363636365 0.0011363636363636365 0.023863636363636365 0.0011363636363636365 0.0011363636363636365 0.035227272727272725 0.0011363636363636365 0.0011363636363636365 0.0011363636363636365 0.0011363636363636365 0.06931818181818182 0.0011363636363636365 0.0011363636363636365 0.0011363636363636365 0.7738636363636363 0.0011363636363636365 0.0125 0.0011363636363636365 0.0011363636363636365 0.06931818181818182 
0.0018867924528301887 0.0018867924528301887 0.0018867924528301887 0.0018867924528301887 0.0018867924528301887 0.05849056603773585 0.0018867924528301887 0.0018867924528301887 0.0018867924528301887 0.0018867924528301887 0.9075471698113208 0.0018867924528301887 0.0018867924528301887 0.0018867924528301887 0.0018867924528301887 0.0018867924528301887 0.0018867924528301887 0.0018867924528301887 0.0018867924528301887 0.0018867924528301887 
0.0015873015873015873 0.0015873015873015873 0.0015873015873015873 0.0015873015873015873 0.0015873015873015873 0.0015873015873015873 0.0015873015873015873 0.0015873015873015873 0.0015873015873015873 0.08095238095238094 0.0015873015873015873 0.8587301587301588 0.0015873015873015873 0.0015873015873015873 0.0015873015873015873 0.03333333333333333 0.0015873015873015873 0.0015873015873015873 0.0015873015873015873 0.0015873015873015873 
8.928571428571429E-4 8.928571428571429E-4 8.928571428571429E-4 0.9294642857142856 0.01875 8.928571428571429E-4 0.01875 0.009821428571428573 8.928571428571429E-4 8.928571428571429E-4 8.928571428571429E-4 8.928571428571429E-4 8.928571428571429E-4 8.928571428571429E-4 8.928571428571429E-4 8.928571428571429E-4 8.928571428571429E-4 0.009821428571428573 8.928571428571429E-4 8.928571428571429E-4 
0.002777777777777778 0.002777777777777778 0.002777777777777778 0.002777777777777778 0.6694444444444445 0.002777777777777778 0.19722222222222222 0.002777777777777778 0.002777777777777778 0.002777777777777778 0.002777777777777778 0.002777777777777778 0.002777777777777778 0.08611111111111111 0.002777777777777778 0.002777777777777778 0.002777777777777778 0.002777777777777778 0.002777777777777778 0.002777777777777778 
0.002564102564102564 0.02820512820512821 0.002564102564102564 0.002564102564102564 0.002564102564102564 0.8487179487179487 0.002564102564102564 0.002564102564102564 0.002564102564102564 0.002564102564102564 0.002564102564102564 0.05384615384615385 0.02820512820512821 0.002564102564102564 0.002564102564102564 0.002564102564102564 0.002564102564102564 0.002564102564102564 0.002564102564102564 0.002564102564102564 
0.0014705882352941176 0.0014705882352941176 0.016176470588235296 0.0014705882352941176 0.0014705882352941176 0.0014705882352941176 0.0014705882352941176 0.0014705882352941176 0.6926470588235294 0.0014705882352941176 0.0014705882352941176 0.030882352941176472 0.0014705882352941176 0.0014705882352941176 0.0014705882352941176 0.08970588235294118 0.0014705882352941176 0.0014705882352941176 0.0014705882352941176 0.14852941176470588 
0.016402116402116404 5.291005291005291E-4 5.291005291005291E-4 5.291005291005291E-4 5.291005291005291E-4 5.291005291005291E-4 5.291005291005291E-4 0.9052910052910053 5.291005291005291E-4 5.291005291005291E-4 5.291005291005291E-4 0.011111111111111112 5.291005291005291E-4 5.291005291005291E-4 5.291005291005291E-4 0.04814814814814815 5.291005291005291E-4 0.011111111111111112 5.291005291005291E-4 5.291005291005291E-4 
0.2818181818181818 0.009090909090909092 0.009090909090909092 0.009090909090909092 0.009090909090909092 0.009090909090909092 0.009090909090909092 0.1 0.009090909090909092 0.009090909090909092 0.009090909090909092 0.2818181818181818 0.009090909090909092 0.009090909090909092 0.009090909090909092 0.009090909090909092 0.1 0.009090909090909092 0.009090909090909092 0.1 
5.988023952095808E-4 5.988023952095808E-4 5.988023952095808E-4 5.988023952095808E-4 0.02455089820359281 5.988023952095808E-4 5.988023952095808E-4 5.988023952095808E-4 0.00658682634730539 0.06047904191616766 5.988023952095808E-4 0.018562874251497007 0.7970059880239521 0.07245508982035928 5.988023952095808E-4 5.988023952095808E-4 0.012574850299401199 5.988023952095808E-4 5.988023952095808E-4 5.988023952095808E-4 
0.0017543859649122807 0.0017543859649122807 0.0017543859649122807 0.054385964912280704 0.0017543859649122807 0.0017543859649122807 0.0017543859649122807 0.10701754385964912 0.0719298245614035 0.0017543859649122807 0.0017543859649122807 0.0017543859649122807 0.0017543859649122807 0.0017543859649122807 0.0017543859649122807 0.7385964912280703 0.0017543859649122807 0.0017543859649122807 0.0017543859649122807 0.0017543859649122807 
