0.0020408163265306124 0.06326530612244897 0.0020408163265306124 0.0020408163265306124 0.0020408163265306124 0.0020408163265306124 0.5326530612244899 0.0020408163265306124 0.0020408163265306124 0.0020408163265306124 0.04285714285714286 0.0020408163265306124 0.04285714285714286 0.0020408163265306124 0.0020408163265306124 0.0020408163265306124 0.0020408163265306124 0.28775510204081634 0.0020408163265306124 0.0020408163265306124 
0.0014285714285714286 0.0014285714285714286 0.0014285714285714286 0.8442857142857143 0.0014285714285714286 0.0014285714285714286 0.0014285714285714286 0.015714285714285715 0.0014285714285714286 0.058571428571428566 0.0014285714285714286 0.030000000000000002 0.030000000000000002 0.0014285714285714286 0.0014285714285714286 0.0014285714285714286 0.0014285714285714286 0.0014285714285714286 0.0014285714285714286 0.0014285714285714286 
6.849315068493151E-4 0.06917808219178082 0.007534246575342466 6.849315068493151E-4 6.849315068493151E-4 6.849315068493151E-4 6.849315068493151E-4 6.849315068493151E-4 6.849315068493151E-4 6.849315068493151E-4 6.849315068493151E-4 0.014383561643835616 6.849315068493151E-4 6.849315068493151E-4 6.849315068493151E-4 6.849315068493151E-4 6.849315068493151E-4 0.897945205479452 6.849315068493151E-4 6.849315068493151E-4 
0.0024390243902439024 0.0024390243902439024 0.02682926829268293 0.07560975609756097 0.0024390243902439024 0.6609756097560976 0.0024390243902439024 0.0024390243902439024 0.0024390243902439024 0.09999999999999999 0.0024390243902439024 0.0024390243902439024 0.0024390243902439024 0.0024390243902439024 0.0024390243902439024 0.0024390243902439024 0.0024390243902439024 0.0024390243902439024 0.0024390243902439024 0.09999999999999999 
0.08360655737704917 0.001639344262295082 0.001639344262295082 0.001639344262295082 0.3131147540983607 0.47704918032786886 0.001639344262295082 0.001639344262295082 0.001639344262295082 0.001639344262295082 0.001639344262295082 0.001639344262295082 0.001639344262295082 0.001639344262295082 0.001639344262295082 0.001639344262295082 0.001639344262295082 0.09999999999999999 0.001639344262295082 0.001639344262295082 
5.780346820809249E-4 5.780346820809249E-4 5.780346820809249E-4 5.780346820809249E-4 5.780346820809249E-4 0.08728323699421965 0.017919075144508672 0.006358381502890174 5.780346820809249E-4 5.780346820809249E-4 0.006358381502890174 5.780346820809249E-4 5.780346820809249E-4 5.780346820809249E-4 0.8734104046242774 5.780346820809249E-4 5.780346820809249E-4 5.780346820809249E-4 5.780346820809249E-4 5.780346820809249E-4 
0.002631578947368421 0.002631578947368421 0.002631578947368421 0.002631578947368421 0.002631578947368421 0.002631578947368421 0.002631578947368421 0.002631578947368421 0.002631578947368421 0.002631578947368421 0.5289473684210527 0.05526315789473685 0.002631578947368421 0.002631578947368421 0.002631578947368421 0.002631578947368421 0.028947368421052635 0.31842105263157894 0.028947368421052635 0.002631578947368421 
5.46448087431694E-4 0.011475409836065575 0.09890710382513662 5.46448087431694E-4 5.46448087431694E-4 5.46448087431694E-4 5.46448087431694E-4 5.46448087431694E-4 5.46448087431694E-4 5.46448087431694E-4 0.006010928961748634 5.46448087431694E-4 0.8420765027322404 5.46448087431694E-4 5.46448087431694E-4 0.011475409836065575 5.46448087431694E-4 0.02240437158469945 5.46448087431694E-4 5.46448087431694E-4 
0.155 0.005 0.005 0.005 0.005 0.005 0.05500000000000001 0.005 0.005 0.005 0.655 0.005 0.005 0.005 0.005 0.005 0.005 0.005 0.05500000000000001 0.005 
9.523809523809524E-4 9.523809523809524E-4 0.039047619047619046 9.523809523809524E-4 9.523809523809524E-4 9.523809523809524E-4 0.010476190476190477 9.523809523809524E-4 0.6104761904761904 9.523809523809524E-4 9.523809523809524E-4 0.010476190476190477 9.523809523809524E-4 9.523809523809524E-4 9.523809523809524E-4 0.19142857142857145 9.523809523809524E-4 0.029523809523809525 0.09619047619047619 9.523809523809524E-4 
0.0015873015873015873 0.0015873015873015873 0.0015873015873015873 0.5095238095238096 0.0015873015873015873 0.0015873015873015873 0.0015873015873015873 0.01746031746031746 0.01746031746031746 0.0015873015873015873 0.0015873015873015873 0.0015873015873015873 0.0015873015873015873 0.19206349206349205 0.0015873015873015873 0.17619047619047618 0.049206349206349205 0.01746031746031746 0.0015873015873015873 0.0015873015873015873 
0.6375816993464052 3.2679738562091506E-4 0.3401960784313725 3.2679738562091506E-4 3.2679738562091506E-4 0.0035947712418300656 3.2679738562091506E-4 3.2679738562091506E-4 3.2679738562091506E-4 3.2679738562091506E-4 3.2679738562091506E-4 3.2679738562091506E-4 3.2679738562091506E-4 3.2679738562091506E-4 0.013398692810457516 3.2679738562091506E-4 3.2679738562091506E-4 3.2679738562091506E-4 3.2679738562091506E-4 3.2679738562091506E-4 
0.008333333333333333 0.008333333333333333 0.008333333333333333 0.008333333333333333 0.008333333333333333 0.008333333333333333 0.008333333333333333 0.09166666666666667 0.008333333333333333 0.008333333333333333 0.5083333333333333 0.008333333333333333 0.008333333333333333 0.17500000000000002 0.008333333333333333 0.008333333333333333 0.008333333333333333 0.09166666666666667 0.008333333333333333 0.008333333333333333 
2.1413276231263385E-4 0.006638115631691649 2.1413276231263385E-4 2.1413276231263385E-4 0.2678800856531049 2.1413276231263385E-4 2.1413276231263385E-4 2.1413276231263385E-4 2.1413276231263385E-4 0.6940042826552463 2.1413276231263385E-4 2.1413276231263385E-4 2.1413276231263385E-4 2.1413276231263385E-4 2.1413276231263385E-4 2.1413276231263385E-4 0.010920770877944325 2.1413276231263385E-4 0.01734475374732334 2.1413276231263385E-4 
9.25925925925926E-4 0.6768518518518518 0.010185185185185186 9.25925925925926E-4 9.25925925925926E-4 0.08425925925925926 9.25925925925926E-4 9.25925925925926E-4 9.25925925925926E-4 9.25925925925926E-4 9.25925925925926E-4 9.25925925925926E-4 9.25925925925926E-4 9.25925925925926E-4 9.25925925925926E-4 9.25925925925926E-4 0.03796296296296296 9.25925925925926E-4 0.17685185185185187 9.25925925925926E-4 
0.0012658227848101266 0.0012658227848101266 0.07721518987341772 0.0012658227848101266 0.0012658227848101266 0.0012658227848101266 0.0012658227848101266 0.0012658227848101266 0.0012658227848101266 0.0012658227848101266 0.0012658227848101266 0.039240506329113925 0.0012658227848101266 0.0012658227848101266 0.0012658227848101266 0.0012658227848101266 0.8620253164556961 0.0012658227848101266 0.0012658227848101266 0.0012658227848101266 
7.575757575757576E-4 7.575757575757576E-4 7.575757575757576E-4 7.575757575757576E-4 0.04621212121212121 7.575757575757576E-4 7.575757575757576E-4 0.12196969696969698 7.575757575757576E-4 7.575757575757576E-4 0.008333333333333333 7.575757575757576E-4 7.575757575757576E-4 7.575757575757576E-4 0.06893939393939394 0.3340909090909091 7.575757575757576E-4 7.575757575757576E-4 0.4022727272727273 0.008333333333333333 
0.0013513513513513514 0.0013513513513513514 0.0013513513513513514 0.08243243243243242 0.0013513513513513514 0.041891891891891894 0.7986486486486487 0.0013513513513513514 0.0013513513513513514 0.0013513513513513514 0.02837837837837838 0.0013513513513513514 0.0013513513513513514 0.0013513513513513514 0.0013513513513513514 0.0013513513513513514 0.0013513513513513514 0.0013513513513513514 0.02837837837837838 0.0013513513513513514 
0.0018181818181818182 0.0018181818181818182 0.0018181818181818182 0.056363636363636366 0.0018181818181818182 0.0018181818181818182 0.0018181818181818182 0.0018181818181818182 0.0018181818181818182 0.0018181818181818182 0.0018181818181818182 0.0018181818181818182 0.0018181818181818182 0.02 0.0018181818181818182 0.8927272727272727 0.0018181818181818182 0.0018181818181818182 0.0018181818181818182 0.0018181818181818182 
0.0011363636363636365 0.0011363636363636365 0.0011363636363636365 0.0011363636363636365 0.0011363636363636365 0.035227272727272725 0.0011363636363636365 0.0011363636363636365 0.0011363636363636365 0.023863636363636365 0.035227272727272725 0.8761363636363636 0.0011363636363636365 0.0011363636363636365 0.0011363636363636365 0.0011363636363636365 0.0011363636363636365 0.0011363636363636365 0.0011363636363636365 0.0125 
0.0018867924528301887 0.0018867924528301887 0.6811320754716982 0.0018867924528301887 0.0018867924528301887 0.17169811320754716 0.0018867924528301887 0.020754716981132078 0.0018867924528301887 0.07735849056603773 0.0018867924528301887 0.0018867924528301887 0.020754716981132078 0.0018867924528301887 0.0018867924528301887 0.0018867924528301887 0.0018867924528301887 0.0018867924528301887 0.0018867924528301887 0.0018867924528301887 
0.0015873015873015873 0.03333333333333333 0.0015873015873015873 0.0015873015873015873 0.0015873015873015873 0.0015873015873015873 0.0015873015873015873 0.0015873015873015873 0.11269841269841269 0.0015873015873015873 0.0015873015873015873 0.0015873015873015873 0.0015873015873015873 0.0015873015873015873 0.0015873015873015873 0.0015873015873015873 0.0015873015873015873 0.0015873015873015873 0.826984126984127 0.0015873015873015873 
8.928571428571429E-4 8.928571428571429E-4 8.928571428571429E-4 8.928571428571429E-4 8.928571428571429E-4 8.928571428571429E-4 8.928571428571429E-4 8.928571428571429E-4 8.928571428571429E-4 8.928571428571429E-4 0.03660714285714285 0.36696428571428574 8.928571428571429E-4 8.928571428571429E-4 8.928571428571429E-4 0.5723214285714285 0.009821428571428573 8.928571428571429E-4 8.928571428571429E-4 8.928571428571429E-4 
0.002777777777777778 0.002777777777777778 0.002777777777777778 0.8638888888888889 0.002777777777777778 0.002777777777777778 0.002777777777777778 0.002777777777777778 0.002777777777777778 0.002777777777777778 0.002777777777777778 0.08611111111111111 0.002777777777777778 0.002777777777777778 0.002777777777777778 0.002777777777777778 0.002777777777777778 0.002777777777777778 0.002777777777777778 0.002777777777777778 
0.002564102564102564 0.002564102564102564 0.10512820512820512 0.002564102564102564 0.002564102564102564 0.002564102564102564 0.002564102564102564 0.05384615384615385 0.13076923076923075 0.002564102564102564 0.002564102564102564 0.002564102564102564 0.5923076923076923 0.002564102564102564 0.002564102564102564 0.002564102564102564 0.002564102564102564 0.002564102564102564 0.0794871794871795 0.002564102564102564 
0.0014705882352941176 0.0014705882352941176 0.0014705882352941176 0.075 0.0014705882352941176 0.0014705882352941176 0.0014705882352941176 0.0014705882352941176 0.0014705882352941176 0.0014705882352941176 0.0014705882352941176 0.0014705882352941176 0.0014705882352941176 0.0014705882352941176 0.0014705882352941176 0.0014705882352941176 0.0014705882352941176 0.0014705882352941176 0.0014705882352941176 0.8985294117647059 
5.291005291005291E-4 5.291005291005291E-4 5.291005291005291E-4 5.291005291005291E-4 0.016402116402116404 0.02169312169312169 5.291005291005291E-4 0.0746031746031746 5.291005291005291E-4 5.291005291005291E-4 5.291005291005291E-4 5.291005291005291E-4 5.291005291005291E-4 0.8735449735449735 5.291005291005291E-4 0.005820105820105821 5.291005291005291E-4 5.291005291005291E-4 5.291005291005291E-4 5.291005291005291E-4 
0.009090909090909092 0.009090909090909092 0.009090909090909092 0.009090909090909092 0.009090909090909092 0.2818181818181818 0.1 0.009090909090909092 0.009090909090909092 0.009090909090909092 0.009090909090909092 0.009090909090909092 0.19090909090909092 0.009090909090909092 0.009090909090909092 0.009090909090909092 0.009090909090909092 0.009090909090909092 0.2818181818181818 0.009090909090909092 
5.988023952095808E-4 5.988023952095808E-4 0.00658682634730539 5.988023952095808E-4 5.988023952095808E-4 0.1383233532934132 5.988023952095808E-4 0.8149700598802395 5.988023952095808E-4 5.988023952095808E-4 5.988023952095808E-4 5.988023952095808E-4 5.988023952095808E-4 5.988023952095808E-4 5.988023952095808E-4 5.988023952095808E-4 5.988023952095808E-4 5.988023952095808E-4 5.988023952095808E-4 0.03053892215568862 
0.0017543859649122807 0.0017543859649122807 0.0017543859649122807 0.0017543859649122807 0.0017543859649122807 0.0017543859649122807 0.12456140350877193 0.0017543859649122807 0.0017543859649122807 0.0017543859649122807 0.0368421052631579 0.0017543859649122807 0.0017543859649122807 0.0017543859649122807 0.0017543859649122807 0.0017543859649122807 0.0017543859649122807 0.0017543859649122807 0.0017543859649122807 0.8087719298245615 
